0 -117.17
0 117.17
1 -116.411
1 116.411
2 -114.149
2 114.149
3 -110.428
3 110.428
4 -105.325
4 105.325
5 -98.9486
5 98.9486
6 -91.4474
6 91.4474
7 -83.016
7 83.016
8 -73.9151
8 73.9151
9 -64.5056
9 64.5056
10 -55.3168
10 55.3168
11 -47.163
11 47.163
12 -41.2642
12 41.2642
13 -39.0568
13 39.0568
14 -38.1843
14 38.1843
15 -35.5864
15 35.5864
16 -31.3211
16 31.3211
17 -25.4837
17 25.4837
18 -18.2045
18 18.2045
19 -9.64625
19 9.64625
20 -3.67354e-05
20 3.67354e-05
21 -9.16402
21 9.16402
22 -18.8395
22 18.8395
23 -28.8609
23 28.8609
24 -39.0567
24 39.0567
25 -49.2526
25 49.2526
26 -59.274
26 59.274
27 -68.9494
27 68.9494
28 -78.1134
28 78.1134
29 -86.6092
29 86.6092
30 -94.2913
30 94.2913
31 -101.028
31 101.028
32 -106.705
32 106.705
33 -111.224
33 111.224
34 -114.509
34 114.509
35 -116.502
35 116.502
36 -117.17
36 117.17
