#example to study time evolution having analytical solution. check ci-test/test_NEQpop.cpp
   2.0000000000000000        0.0000000000000000         0.0000000000000000
   0.0000000000000000        2.0000000000000000         0.0000000000000000
   0.0000000000000000        0.0000000000000000         10000.000000000000
           2
           1          
    1      

    0    0    0
    1    1    -2.                0
    2    1     0                 0
    1    2     0                 0
    2    2    +2.                0

    0    0    0
    1    1    0.  0. 0.  0.  0.  0.
    2    1    20. 0. 20. 0.  0.  0.
    1    2    20. 0. 20. 0.  0.  0.
    2    2    0.  0. 0.  0.  0.  0.
    