This example is useful to check if the R term is working in the EOM
   2.0000000000000000        0.0000000000000000        0.0000000000000000
   0.0000000000000000        2.0000000000000           0.0000000000000000
   0.0000000000000000        0.0000000000000000        1000.0000000000000     
           2
           1          
    1

    0    0    0
    1    1    0   0
    2    1    0   0
    1    2    0   0
    2    2    0   0


    0    0    0
    1    1    0   0  0  0  0  0 
    2    1    0   0  0  0  0  0 
    1    2    0   0  0  0  0  0 
    2    2    0   0  0  0  0  0 